4
13
7
17
12
6
12
6
8
3
11
12
10
2
9
10
6
3
9
10
11
12
8
13
12
15
7
1
14
13
12
1
8
8
10
11
11
13
7
6
10
18
12
15
6
18
19
11
13
9
9
6
12
20
10
10
14
13
13
8
10
11
9
8
8
3
10
9
5
12
10
7
15
7
11
7
10
4
13
7
17
12
6
12
6
8
3
11
12
10
2
9
10
6
3
9
10
11
12
8
13
12
15
7
1
14
13
12
1
8
8
10
11
11
13
7
6
10
18
12
15
6
18
19
11
13
9
9
6
12
20
10
10
14
13
13
8
10
11
9
8
8
3
10
9
5
12
10
7
15
7
11
7
10
4
13
7
17
12
6
12
6
8
3
11
12
10
2
9
10
6
3
9
10
11
12
8
13
12
15
7
1
14
13
12
1
8
8
10
11
11
13
7
6
10
18
12
15
6
18
19
11
13
9
9
6
12
20
10
10
14
13
13
8
10
11
9
8
8
3
10
9
5
12
10
7
15
7
11
7
10
4
13
7
17
12
6
12
6
8
3
11
12
10
2
9
10
6
3
9
10
11
12
8
13
12
15
7
1
14
13
12
1
8
8
10
11
11
13
7
6
10
18
12
15
6
18
19
11
13
9
9
6
12
20
10
10
14
13
13
8
10
11
9
8
8
3
10
9
5
12
10
7
15
7
11
7
10
4
13
7
17
12
6
12
6
8
3
11
12
10
2
9
10
6
3
9
10
11
12
8
13
12
15
7
1
14
13
12
1
8
8
10
11
11
13
7
6
10
18
12
15
6
18
19
11
13
9
9
6
12
20
10
10
14
13
13
8
10
11
9
8
8
3
10
9
5
12
10
7
15
7
11
7
10
4
13
7
17
12
6
12
6
8
3
11
12
10
2
9
10
6
3
9
10
11
12
8
13
12
15
7
1
14
13
12
1
8
8
10
11
11
13
7
6
10
18
12
15
6
18
19
11
13
9
9
6
12
20
10
10
14
13
13
8
10
11
9
8
8
3
10
9
5
12
10
7
15
7
11
7
10
4
13
7
17
12
6
12
6
8
3
11
12
10
2
9
10
6
3
9
10
11
12
8
13
12
15
7
1
14
13
12
1
8
8
10
11
11
13
7
6
10
18
12
15
6
18
19
11
13
9
9
6
12
20
10
10
14
13
13
8
10
11
9
8
8
3
10
9
5
12
10
7
15
7
11
7
10
4
13
7
17
12
6
12
6
8
3
11
12
10
2
9
10
6
3
9
10
11
12
8
13
12
15
7
1
14
13
12
1
8
8
10
11
11
13
7
6
10
18
12
15
6
18
19
11
13
9
9
6
12
20
10
10
14
13
13
8
10
11
9
8
8
3
10
9
5
12
10
7
15
7
11
7
10
4
13
7
17
12
6
12
6
8
3
11
12
10
2
9
10
6
3
9
10
11
12
8
13
12
15
7
1
14
13
12
1
8
8
10
11
11
13
7
6
10
18
12
15
6
18
19
11
13
9
9
6
12
20
10
10
14
13
13
8
10
11
9
8
8
3
10
9
5
12
10
7
15
7
11
7
10
4
13
7
17
12
6
12
6
8
3
11
12
10
2
9
10
6
3
9
10
11
12
8
13
12
15
7
1
14
13
12
1
8
8
10
11
11
13
7
6
10
18
12
15
6
18
19
11
13
9
9
6
12
20
10
10
14
13
13
8
10
11
9
8
8
3
10
9
5
12
10
7
15
7
11
7
10
4
13
7
17
12
6
12
6
8
3
11
12
10
2
9
10
6
3
9
10
11
12
8
13
12
15
7
1
14
13
12
1
8
8
10
11
11
13
7
6
10
18
12
15
6
18
19
11
13
9
9
6
12
20
10
10
14
13
13
8
10
11
9
8
8
3
10
9
5
12
10
7
15
7
11
7
10
4
13
7
17
12
6
12
6
8
3
11
12
10
2
9
10
6
3
9
10
11
12
8
13
12
15
7
1
14
13
12
1
8
8
10
11
11
13
7
6
10
18
12
15
6
18
19
11
13
9
9
6
12
20
10
10
14
13
13
8
10
11
9
8
8
3
10
9
5
12
10
7
15
7
11
7
10
4
13
7
17
12
6
12
6
8
3
11
12
10
2
9
10
6
3
9
10
11
12
8
13
12
15
7
1
14
13
12
1
8
8
10
11
11
13
7
6
10
18
12
15
6
18
19
11
13
9
9
6
12
20
10
10
14
13
13
8
10
11
9
8
8
3
10
9
5
12
10
7
15
7
11
7