1 1391
1 3077
1 322
1 585
1 695
1 972
1 1071
1 1170
1 1315
1 1487
2 397
2 1046
2 971
2 1145
2 1345
2 1939
2 2317
2 2483
2 2850
2 3080
3 205
3 637
3 1134
3 1223
3 1496
3 1787
3 1788
3 2061
3 2252
3 2265
4 2931
4 2851
4 2939
4 3128
4 2470
4 2314
4 616
4 2152
4 2341
4 3043
5 2314
5 1307
5 1366
5 1978
5 2247
5 2716
5 972
5 1671
5 1829
5 2003
6 695
6 397
6 1046
6 417
6 971
6 1385
6 1541
6 1770
6 1939
6 2306
7 2912
7 3043
7 1145
7 2317
7 1350
7 1411
7 1626
7 2111
7 2227
7 2314
8 2541
8 2849
8 2202
8 40
8 71
8 1271
8 1517
8 1626
8 1753
8 2113
9 2849
9 322
9 1108
9 1665
9 1853
9 2020
9 2111
9 2188
9 2358
9 2454
10 1262
10 1471
10 1747
10 2060
10 2785
10 2895
10 46
10 82
10 93
10 123
11 2699
11 724
11 1043
11 1358
11 1676
11 1860
11 1923
11 2003
11 2081
11 2091
12 3127
12 40
12 92
12 202
12 252
12 276
12 320
12 322
12 585
12 619
13 1223
13 1542
13 1807
13 1886
13 1947
13 2314
13 2559
13 2598
13 2748
13 2801
14 3054
14 2314
14 2716
14 2812
14 1088
14 1386
14 1397
14 1572
14 1752
14 1885
15 2944
15 440
15 695
15 1223
15 1676
15 1750
15 2030
15 2146
15 2195
15 2827
16 2378
16 2421
16 243
16 409
16 1003
16 1665
16 2002
16 2003
16 2376
16 3049
17 1223
17 1134
17 2253
17 2491
17 123
17 320
17 397
17 585
17 731
17 1088
18 1135
18 1223
18 2138
18 3005
18 123
18 320
18 731
18 1134
18 1389
18 1542
19 950
19 1468
19 1601
19 1613
19 1957
19 2060
19 2195
19 2266
19 2289
19 2401
20 2695
20 1961
20 2986
20 1423
20 1595
20 1696
20 2145
20 2289
20 2524
20 2568
21 2189
21 1172
21 1429
21 1679
21 2081
21 2263
21 2598
21 2702
21 2771
21 2787
22 1088
22 1145
22 1885
22 1915
22 2004
22 2402
22 2692
22 2751
22 2828
22 2913
23 1072
23 1433
23 1542
23 1727
23 1805
23 1885
23 2004
23 2060
23 2081
23 2195
24 20
24 78
24 942
24 1003
24 1051
24 1169
24 1180
24 1194
24 1216
24 1233
25 2318
25 2711
25 2741
25 3048
25 1199
25 1517
25 1518
25 1526
25 1542
25 1572
26 2320
26 2376
26 2541
26 3128
26 964
26 1108
26 2849
26 3105
26 1071
26 1805
27 2297
27 1752
27 1960
27 2378
27 2582
27 320
27 1456
27 1698
27 1748
27 2046
28 3032
28 1601
28 2274
28 2289
28 2401
28 2402
28 2890
28 3069
28 1846
28 397
29 2927
29 2200
29 3037
29 1386
29 1537
29 1538
29 1539
29 1595
29 1679
29 1709
30 1651
30 397
30 1856
30 2396
30 1926
30 1267
30 1681
30 1854
30 1977
30 2152
31 2893
31 1686
31 2188
31 2370
31 2829
31 695
31 1098
31 1135
31 1199
31 1272
32 3139
32 1145
32 1504
32 1905
32 2145
32 2177
32 3018
32 1066
32 1285
32 1286
33 1143
33 2697
33 2925
33 1524
33 3112
33 2957
33 2695
33 1415
33 1997
33 2605
34 1046
34 397
34 1440
34 1601
34 2808
34 1032
34 1354
34 111
34 503
34 640
35 2645
35 3071
35 1386
35 1397
35 2164
35 2165
35 2323
35 2931
35 1524
35 1886
36 1265
36 1012
36 1350
36 1768
36 2110
36 2698
36 2112
36 1453
36 2061
36 2546
37 2376
37 2233
37 2265
37 3142
37 243
37 3128
37 2342
37 252
37 3105
37 2912
38 3087
38 1768
38 2184
38 2265
38 2470
38 2705
38 2931
38 2939
38 2941
38 3105
39 2940
39 1614
39 2178
39 2184
39 2470
39 2957
39 3105
39 1861
39 2254
39 2341
40 1485
40 1470
40 2254
40 2940
40 2051
40 1324
40 1588
40 1626
40 1768
40 2184
41 2849
41 1626
41 1885
41 2314
41 2522
41 2829
41 3082
41 3153
41 1680
41 1960
42 462
42 1411
42 1726
42 2215
42 2286
42 2402
42 2711
42 2741
42 2894
42 2984
43 1325
43 1726
43 462
43 2402
43 2751
43 464
43 825
43 1135
43 1170
43 1272
44 1002
44 464
44 533
44 726
44 931
44 974
44 1135
44 1325
44 1366
44 2325
45 3002
45 2812
45 2816
45 1199
45 2372
45 2849
45 1194
45 1681
45 2451
45 2344
46 1457
46 1652
46 1665
46 2990
46 1032
46 2631
46 329
46 1680
46 2451
46 2568
47 2372
47 2451
47 1032
47 1695
47 1699
47 2314
47 2535
47 440
47 1680
47 2990
48 2314
48 3138
48 3032
48 3067
48 3087
48 1066
48 1453
48 2060
48 2366
48 2453
49 2795
49 409
49 1032
49 1514
49 1681
49 2288
49 2307
49 2390
49 2519
49 2561
50 1680
50 239
50 275
50 292
50 409
50 440
50 634
50 651
50 655
50 657
51 1613
51 2570
51 2714
51 2838
51 2973
51 3075
51 3153
51 3156
51 950
51 1468
52 2721
52 605
52 1199
52 1261
52 1366
52 1468
52 1517
52 1518
52 1541
52 1572
53 2210
53 1066
53 1386
53 2169
53 1567
53 1609
53 1907
53 2648
53 1194
53 3077
54 2470
54 2931
54 2958
54 3031
54 2851
54 2940
54 2941
54 2887
54 1033
54 2651
55 1665
55 1612
55 1885
55 2184
55 2940
55 3077
55 1453
55 1739
55 2921
55 265
56 1665
56 2931
56 2051
56 1453
56 1471
56 2645
56 2061
56 2327
56 724
56 1781
57 3077
57 3140
57 1278
57 1272
57 1469
57 2184
57 2265
57 2470
57 2701
57 2705
58 2314
58 1411
58 1433
58 1885
58 3138
58 1695
58 1066
58 1171
58 1572
58 1768
59 1700
59 2631
59 1456
59 3087
59 2795
59 1194
59 2106
59 2396
59 2470
59 2705
60 3142
60 2593
60 1518
60 1572
60 2988
60 3025
60 1552
60 1409
60 2277
60 2967
61 2631
61 2307
61 1935
61 2451
61 3134
61 2711
61 2688
61 1032
61 1194
61 2722
62 1961
62 1135
62 1359
62 1456
62 1806
62 2195
62 2598
62 2924
62 2979
62 2060
63 2973
63 185
63 950
63 1265
63 1411
63 1468
63 1915
63 2053
63 2060
63 2186
64 1046
64 2051
64 236
64 397
64 598
64 1155
64 1272
64 1278
64 1333
64 1651
